273								
线路编号	线路名称	车站编号	车站名称	是否换乘站	是否始末站	是否环状线路		
10	10号线	1001	巴沟	0	0	1		
10	10号线	1003	苏州街	0	9	1		
10	10号线	1005	海淀黄庄	1	9	1		
10	10号线	1007	知春里	0	9	1		
10	10号线	1009	知春路	1	9	1		
10	10号线	1011	西土城	0	9	1		
10	10号线	1013	牡丹园	0	9	1		
10	10号线	1015	健德门	0	9	1		
10	10号线	1017	北土城	1	9	1		
10	10号线	1019	安贞门	0	9	1		
10	10号线	1021	惠新西街南口	1	9	1		
10	10号线	1023	芍药居	1	9	1		
10	10号线	1025	太阳宫	0	9	1		
10	10号线	1027	三元桥	0	9	1		
10	10号线	1029	亮马桥	0	9	1		
10	10号线	1031	农业展览馆	0	9	1		
10	10号线	1033	团结湖	0	9	1		
10	10号线	1035	呼家楼	1	9	1		
10	10号线	1037	金台夕照	0	9	1		
10	10号线	1039	国贸	1	9	1		
10	10号线	1041	双井	0	9	1		
10	10号线	1043	劲松	1	9	1		
10	10号线	1045	潘家园	0	9	1		
10	10号线	1047	十里河	0	9	1		
10	10号线	1049	分钟寺	0	9	1		
10	10号线	1051	成寿寺	0	9	1		
10	10号线	1053	宋家庄	1	9	1		
10	10号线	1055	石榴庄	0	9	1		
10	10号线	1057	大红门	0	9	1		
10	10号线	1059	角门东	0	9	1		
10	10号线	1061	角门西	1	9	1		
10	10号线	1063	草桥	0	9	1		
10	10号线	1065	纪家庙	0	9	1		
10	10号线	1067	首经贸	0	9	1		
10	10号线	1069	丰台站	0	9	1		
10	10号线	1071	泥洼	0	9	1		
10	10号线	1073	西局	1	9	1		
10	10号线	1075	六里桥	1	9	1		
10	10号线	1079	莲花桥	0	9	1		
10	10号线	1081	公主坟	1	9	1		
10	10号线	1083	西钓鱼台	0	9	1		
10	10号线	1085	慈寿寺	1	9	1		
10	10号线	1087	车道沟	0	9	1		
10	10号线	1089	长春桥	0	9	1		
10	10号线	1091	火器营	0	1	1		
13	13号线	1321	西直门	1	0	0		
13	13号线	1323	大钟寺	0	9	0		
13	13号线	1325	知春路	1	9	0		
13	13号线	1327	五道口	0	9	0		
13	13号线	1329	上地	0	9	0		
13	13号线	1331	西二旗	1	9	0		
13	13号线	1333	龙泽	0	9	0		
13	13号线	1335	回龙观	0	9	0		
13	13号线	1337	霍营	1	9	0		
13	13号线	1339	立水桥	1	9	0		
13	13号线	1341	北苑	0	9	0		
13	13号线	1343	望京西	1	9	0		
13	13号线	1345	芍药居	1	9	0		
13	13号线	1347	光熙门	0	9	0		
13	13号线	1349	柳芳	0	9	0		
13	13号线	1351	东直门	1	1	0		
14	14号线	1421	张郭庄	0	0	0		
14	14号线	1423	园博园	0	9	0		
14	14号线	1425	大瓦窑	0	9	0		
14	14号线	1427	郭庄子	0	9	0		
14	14号线	1429	大井	0	9	0		
14	14号线	1431	七里庄	1	9	0		
14	14号线	1433	西局	1	1	0		
15	15号线	1539	望京西	1	0	0		
15	15号线	1541	望京	0	9	0		
15	15号线	1545	崔各庄	0	9	0		
15	15号线	1547	马泉营	0	9	0		
15	15号线	1549	孙河	0	9	0		
15	15号线	1551	国展	0	9	0		
15	15号线	1553	花梨坎	0	9	0		
15	15号线	1555	后沙峪	0	9	0		
15	15号线	1557	南法信	0	9	0		
15	15号线	1559	石门	0	9	0		
15	15号线	1561	顺义	0	9	0		
15	15号线	1563	俸伯	0	1	0		
1	1号线	103	苹果园	0	0	0		
1	1号线	104	古城	0	9	0		
1	1号线	105	八角游乐园	0	9	0		
1	1号线	106	八宝山	0	9	0		
1	1号线	107	玉泉路	0	9	0		
1	1号线	108	五棵松	0	9	0		
1	1号线	109	万寿路	0	9	0		
1	1号线	110	公主坟	1	9	0		
1	1号线	111	军事博物馆	1	9	0		
1	1号线	112	木樨地	0	9	0		
1	1号线	113	南礼士路	0	9	0		
1	1号线	114	复兴门	1	9	0		
1	1号线	115	西单	1	9	0		
1	1号线	116	天安门西	0	9	0		
1	1号线	117	天安门东	0	9	0		
1	1号线	118	王府井	0	9	0		
1	1号线	119	东单	1	9	0		
1	1号线	120	建国门	1	9	0		
1	1号线	121	永安里	0	9	0		
1	1号线	122	国贸	1	9	0		
1	1号线	123	大望路	0	9	0		
1	1号线	124	四惠	1	9	0		
1	1号线	125	四惠东	1	1	0		
2	2号线	201	西直门	1	0	1		
2	2号线	202	车公庄	1	9	1		
2	2号线	203	阜成门	0	9	1		
2	2号线	204	复兴门	1	9	1		
2	2号线	205	长椿街	0	9	1		
2	2号线	206	宣武门	1	9	1		
2	2号线	207	和平门	0	9	1		
2	2号线	208	前门	0	9	1		
2	2号线	209	崇文门	1	9	1		
2	2号线	210	北京站	0	9	1		
2	2号线	211	建国门	1	9	1		
2	2号线	212	朝阳门	1	9	1		
2	2号线	213	东四十条	0	9	1		
2	2号线	214	东直门	1	9	1		
2	2号线	215	雍和宫	1	9	1		
2	2号线	216	安定门	0	9	1		
2	2号线	217	鼓楼大街	1	9	1		
2	2号线	218	积水潭	0	1	1		
4	4号线(大兴线)	421	安河桥北	0	0	0		
4	4号线(大兴线)	423	北宫门	0	9	0		
4	4号线(大兴线)	425	西苑	1	9	0		
4	4号线(大兴线)	427	圆明园	1	9	0		
4	4号线(大兴线)	429	北京大学东门	0	9	0		
4	4号线(大兴线)	431	中关村	0	9	0		
4	4号线(大兴线)	433	海淀黄庄	1	9	0		
4	4号线(大兴线)	435	人民大学	0	9	0		
4	4号线(大兴线)	437	魏公村	0	9	0		
4	4号线(大兴线)	439	国家图书馆	1	9	0		
4	4号线(大兴线)	441	动物园	0	9	0		
4	4号线(大兴线)	443	西直门	1	9	0		
4	4号线(大兴线)	445	新街口	0	9	0		
4	4号线(大兴线)	447	平安里	1	9	0		
4	4号线(大兴线)	449	西四	0	9	0		
4	4号线(大兴线)	451	灵境胡同	0	9	0		
4	4号线(大兴线)	453	西单	1	9	0		
4	4号线(大兴线)	455	宣武门	1	9	0		
4	4号线(大兴线)	457	菜市口	1	9	0		
4	4号线(大兴线)	459	陶然亭	0	9	0		
4	4号线(大兴线)	461	北京南站	1	9	0		
4	4号线(大兴线)	463	马家堡	0	9	0		
4	4号线(大兴线)	465	角门西	1	9	0		
4	4号线(大兴线)	467	公益西桥	0	9	0		9319
4	4号线(大兴线)	469	新宫	0	9	0	469	9321
4	4号线(大兴线)	471	西红门	0	9	0	471	9323
4	4号线(大兴线)	473	高米店北	0	9	0	473	9325
4	4号线(大兴线)	475	高米店南	0	9	0	475	9327
4	4号线(大兴线)	477	枣园	0	9	0	477	9329
4	4号线(大兴线)	479	清源路	0	9	0	479	9331
4	4号线(大兴线)	481	黄村西大街	0	9	0	481	9333
4	4号线(大兴线)	483	黄村火车站	0	9	0	483	9335
4	4号线(大兴线)	485	义和庄	0	9	0	485	9337
4	4号线(大兴线)	487	生物医药基地	0	9	0	487	9339
4	4号线(大兴线)	489	天宫院	0	1	0	489	9341
5	5号线	521	天通苑北	0	0	0		
5	5号线	523	天通苑	0	9	0		
5	5号线	525	天通苑南	0	9	0		
5	5号线	527	立水桥	1	9	0		
5	5号线	529	立水桥南	0	9	0		
5	5号线	531	北苑路北	0	9	0		
5	5号线	533	大屯路东	1	9	0		
5	5号线	535	惠新西街北口	0	9	0		
5	5号线	537	惠新西街南口	1	9	0		
5	5号线	539	和平西桥	0	9	0		
5	5号线	541	和平里北街	0	9	0		
5	5号线	543	雍和宫	1	9	0		
5	5号线	545	北新桥	0	9	0		
5	5号线	547	张自忠路	0	9	0		
5	5号线	549	东四	1	9	0		
5	5号线	551	灯市口	0	9	0		
5	5号线	553	东单	1	9	0		
5	5号线	555	崇文门	1	9	0		
5	5号线	557	磁器口	1	9	0		
5	5号线	559	天坛东门	0	9	0		
5	5号线	561	蒲黄榆	1	9	0		
5	5号线	563	刘家窑	0	9	0		
5	5号线	565	宋家庄	1	1	0		
6	6号线	621	海淀五路居	0	0	0		
6	6号线	623	慈寿寺	1	9	0		
6	6号线	625	花园桥	0	9	0		
6	6号线	627	白石桥南	1	9	0		
6	6号线	631	车公庄西	0	9	0		
6	6号线	633	车公庄	1	9	0		
6	6号线	635	平安里	1	9	0		
6	6号线	637	北海北	0	9	0		
6	6号线	639	南锣鼓巷	1	9	0		
6	6号线	641	东四	1	9	0		
6	6号线	643	朝阳门	1	9	0		
6	6号线	645	东大桥	0	9	0		
6	6号线	647	呼家楼	1	9	0		
6	6号线	649	金台路	0	9	0		
6	6号线	651	十里堡	0	9	0		
6	6号线	653	青年路	0	9	0		
6	6号线	655	褡裢坡	0	9	0		
6	6号线	657	黄渠	0	9	0		
6	6号线	659	常营	0	9	0		
6	6号线	661	草房	0	1	0		
8	8号线	805	朱辛庄	1	0	0		
8	8号线	807	育知路	0	9	0		
8	8号线	809	平西府	0	9	0		
8	8号线	811	回龙观东大街	0	9	0		
8	8号线	813	霍营	1	9	0		
8	8号线	815	育新	0	9	0		
8	8号线	817	西小口	0	9	0		
8	8号线	819	永泰庄	0	9	0		
8	8号线	821	林萃桥	0	9	0		
8	8号线	823	森林公园南门	0	9	0		
8	8号线	825	奥林匹克公园	1	9	0		
8	8号线	827	奥体中心	0	9	0		
8	8号线	829	北土城	1	9	0		
8	8号线	831	安华桥	0	9	0		
8	8号线	835	鼓楼大街	1	9	0		
8	8号线	837	什刹海	0	9	0		
8	8号线	839	南锣鼓巷	1	1	0		
9	9号线	921	国家图书馆	1	0	0		
9	9号线	923	白石桥南	1	9	0		
9	9号线	925	白堆子	0	9	0		
9	9号线	927	军事博物馆	1	9	0		
9	9号线	929	北京西站	0	9	0		
9	9号线	931	六里桥东	0	9	0		
9	9号线	933	六里桥	1	9	0		
9	9号线	935	七里庄	0	9	0		
9	9号线	937	丰台东大街	0	9	0		
9	9号线	939	丰台南路	0	9	0		
9	9号线	941	科怡路	0	9	0		
9	9号线	943	丰台科技园	0	9	0		
9	9号线	945	郭公庄	1	1	0		
97	八通线	9701	四惠	1	0	0		
97	八通线	9702	四惠东	1	9	0		
97	八通线	9703	高碑店	0	9	0		
97	八通线	9704	传媒大学	0	9	0		
97	八通线	9705	双桥	0	9	0		
97	八通线	9706	管庄	0	9	0		
97	八通线	9707	八里桥	0	9	0		
97	八通线	9708	通州北苑	0	9	0		
97	八通线	9709	果园	0	9	0		
97	八通线	9710	九棵树	0	9	0		
97	八通线	9711	梨园	0	9	0		
97	八通线	9712	临河里	0	9	0		
97	八通线	9713	土桥	0	1	0		
94	昌平线	9429	南邵	0	0	0		
94	昌平线	9431	沙河高教园	0	9	0		
94	昌平线	9433	沙河	0	9	0		
94	昌平线	9435	巩华城	0	9	0		
94	昌平线	9437	朱辛庄	1	9	0		
94	昌平线	9439	生命科学园	0	9	0		
94	昌平线	9441	西二旗	1	1	0		
95	房山线	9521	郭公庄	1	0	0		
95	房山线	9523	大葆台	0	9	0		
95	房山线	9525	稻田	0	9	0		
95	房山线	9527	长阳	0	9	0		
95	房山线	9529	篱笆房	0	9	0		
95	房山线	9531	广阳城	0	9	0		
95	房山线	9533	良乡大学城北	0	9	0		
95	房山线	9535	良乡大学城	0	9	0		
95	房山线	9537	良乡大学城西	0	9	0		
95	房山线	9539	良乡南关	0	9	0		
95	房山线	9541	苏庄	0	1	0		
96	亦庄线	9621	宋家庄	1	0	0		
96	亦庄线	9623	肖村	0	9	0		
96	亦庄线	9625	小红门	0	9	0		
96	亦庄线	9627	旧宫	0	9	0		
96	亦庄线	9629	亦庄桥	0	9	0		
96	亦庄线	9631	亦庄文化园	0	9	0		
96	亦庄线	9633	万源街	0	9	0		
96	亦庄线	9635	荣京东街	0	9	0		
96	亦庄线	9637	荣昌东街	0	9	0		
96	亦庄线	9639	同济南路	0	9	0		
96	亦庄线	9641	经海路	0	9	0		
96	亦庄线	9643	次渠南	0	9	0		
96	亦庄线	9645	次渠	0	1	0		
